7.000000000000000000e+00 8.000000000000000000e+00 1.000000000000000000e+01 0.000000000000000000e+00 0.000000000000000000e+00 2.100000000000000089e+00 1.500000000000000000e+00 0.000000000000000000e+00
0.000000000000000000e+00 6.000000000000000000e+00 4.400000000000000355e+00 4.000000000000000000e+00 0.000000000000000000e+00 5.000000000000000000e+00 4.299999999999999822e+00 8.750000000000000000e+00
3.000000000000000000e+00 7.000000000000000000e+00 8.699999999999999289e+00 7.599999999999999645e+00 7.000000000000000000e+00 9.699999999999999289e+00 1.000000000000000000e+01 1.000000000000000000e+01
3.399999999999999911e+00 1.300000000000000044e+00 7.000000000000000000e+00 3.399999999999999911e+00 0.000000000000000000e+00 9.400000000000000355e+00 9.000000000000000000e+00 3.750000000000000000e+00
6.799999999999999822e+00 9.099999999999999645e+00 8.199999999999999289e+00 0.000000000000000000e+00 0.000000000000000000e+00 7.900000000000000355e+00 7.900000000000000355e+00 7.849999999999999645e+00
7.000000000000000000e+00 1.000000000000000000e+01 1.000000000000000000e+01 9.000000000000000000e+00 9.500000000000000000e+00 1.000000000000000000e+01 8.000000000000000000e+00 7.500000000000000000e+00
6.000000000000000000e+00 1.000000000000000000e+01 9.699999999999999289e+00 8.699999999999999289e+00 7.000000000000000000e+00 8.500000000000000000e+00 9.699999999999999289e+00 7.500000000000000000e+00
0.000000000000000000e+00 9.339999999999999858e+00 5.700000000000000178e+00 0.000000000000000000e+00 0.000000000000000000e+00 0.000000000000000000e+00 0.000000000000000000e+00 0.000000000000000000e+00
5.000000000000000000e+00 1.000000000000000000e+01 1.000000000000000000e+01 9.900000000000000355e+00 1.050000000000000000e+01 1.000000000000000000e+01 9.000000000000000000e+00 1.000000000000000000e+01
0.000000000000000000e+00 8.710000000000000853e+00 8.000000000000000000e+00 9.699999999999999289e+00 1.000000000000000000e+01 9.500000000000000000e+00 1.000000000000000000e+01 7.500000000000000000e+00
3.000000000000000000e+00 6.879999999999999893e+00 7.900000000000000355e+00 0.000000000000000000e+00 0.000000000000000000e+00 0.000000000000000000e+00 0.000000000000000000e+00 0.000000000000000000e+00
4.000000000000000000e+00 1.000000000000000000e+01 1.000000000000000000e+01 9.900000000000000355e+00 9.699999999999999289e+00 1.000000000000000000e+01 9.000000000000000000e+00 1.000000000000000000e+01
0.000000000000000000e+00 0.000000000000000000e+00 0.000000000000000000e+00 0.000000000000000000e+00 0.000000000000000000e+00 0.000000000000000000e+00 0.000000000000000000e+00 0.000000000000000000e+00
6.000000000000000000e+00 5.000000000000000000e+00 1.000000000000000000e+01 9.699999999999999289e+00 1.000000000000000000e+01 1.000000000000000000e+01 8.000000000000000000e+00 1.000000000000000000e+01
5.000000000000000000e+00 1.000000000000000000e+01 9.000000000000000000e+00 7.000000000000000000e+00 7.900000000000000355e+00 1.000000000000000000e+01 9.000000000000000000e+00 7.500000000000000000e+00
0.000000000000000000e+00 6.000000000000000000e+00 7.400000000000000355e+00 0.000000000000000000e+00 0.000000000000000000e+00 0.000000000000000000e+00 0.000000000000000000e+00 0.000000000000000000e+00
7.000000000000000000e+00 1.000000000000000000e+01 1.000000000000000000e+01 9.699999999999999289e+00 1.000000000000000000e+01 1.000000000000000000e+01 1.000000000000000000e+01 1.000000000000000000e+01
4.500000000000000000e+00 8.679999999999999716e+00 1.000000000000000000e+01 9.500000000000000000e+00 0.000000000000000000e+00 0.000000000000000000e+00 0.000000000000000000e+00 0.000000000000000000e+00
0.000000000000000000e+00 0.000000000000000000e+00 0.000000000000000000e+00 0.000000000000000000e+00 0.000000000000000000e+00 0.000000000000000000e+00 0.000000000000000000e+00 0.000000000000000000e+00
0.000000000000000000e+00 5.610000000000000320e+00 8.699999999999999289e+00 0.000000000000000000e+00 0.000000000000000000e+00 0.000000000000000000e+00 0.000000000000000000e+00 0.000000000000000000e+00
0.000000000000000000e+00 0.000000000000000000e+00 0.000000000000000000e+00 0.000000000000000000e+00 0.000000000000000000e+00 0.000000000000000000e+00 0.000000000000000000e+00 0.000000000000000000e+00
6.000000000000000000e+00 1.000000000000000000e+01 1.000000000000000000e+01 9.699999999999999289e+00 7.000000000000000000e+00 1.000000000000000000e+01 7.000000000000000000e+00 1.000000000000000000e+01
6.500000000000000000e+00 8.699999999999999289e+00 9.500000000000000000e+00 1.050000000000000000e+01 9.800000000000000711e+00 1.000000000000000000e+01 1.000000000000000000e+01 8.750000000000000000e+00
7.000000000000000000e+00 9.699999999999999289e+00 1.000000000000000000e+01 8.099999999999999645e+00 1.000000000000000000e+01 1.000000000000000000e+01 9.500000000000000000e+00 1.000000000000000000e+01
0.000000000000000000e+00 8.300000000000000711e+00 9.500000000000000000e+00 9.500000000000000000e+00 0.000000000000000000e+00 0.000000000000000000e+00 0.000000000000000000e+00 0.000000000000000000e+00
7.000000000000000000e+00 7.400000000000000355e+00 9.000000000000000000e+00 7.700000000000000178e+00 0.000000000000000000e+00 8.800000000000000711e+00 0.000000000000000000e+00 0.000000000000000000e+00
3.000000000000000000e+00 8.710000000000000853e+00 1.000000000000000000e+01 9.400000000000000355e+00 1.069999999999999929e+01 1.000000000000000000e+01 9.000000000000000000e+00 9.699999999999999289e+00
3.500000000000000000e+00 9.339999999999999858e+00 1.000000000000000000e+01 9.900000000000000355e+00 1.000000000000000000e+01 1.000000000000000000e+01 8.000000000000000000e+00 1.000000000000000000e+01
